34800
34802
34803
34804
34805
34830
34831
34832
35081
35082
35091
35092
35102
35103
35131
3513234800
34802
34803
34804
34805
34830
34831
34832
35081
35082
35091
35092
35102
35103
35131
3513234800
34802
34803
34804
34805
34830
34831
34832
35081
35082
35091
35092
35102
35103
35131
3513234800
34802
34803
34804
34805
34830
34831
34832
35081
35082
35091
35092
35102
35103
35131
3513234800
34802
34803
34804
34805
34830
34831
34832
35081
35082
35091
35092
35102
35103
35131
3513234800
34802
34803
34804
34805
34830
34831
34832
35081
35082
35091
35092
35102
35103
35131
3513234800
34802
34803
34804
34805
34830
34831
34832
35081
35082
35091
35092
35102
35103
35131
3513234800
34802
34803
34804
34805
34830
34831
34832
35081
35082
35091
35092
35102
35103
35131
3513234800
34802
34803
34804
34805
34830
34831
34832
35081
35082
35091
35092
35102
35103
35131
3513234800
34802
34803
34804
34805
34830
34831
34832
35081
35082
35091
35092
35102
35103
35131
3513234800
34802
34803
34804
34805
34830
34831
34832
35081
35082
35091
35092
35102
35103
35131
3513234800
34802
34803
34804
34805
34830
34831
34832
35081
35082
35091
35092
35102
35103
35131
3513234800
34802
34803
34804
34805
34830
34831
34832
35081
35082
35091
35092
35102
35103
35131
3513234800
34802
34803
34804
34805
34830
34831
34832
35081
35082
35091
35092
35102
35103
35131
3513234800
34802
34803
34804
34805
34830
34831
34832
35081
35082
35091
35092
35102
35103
35131
3513234800
34802
34803
34804
34805
34830
34831
34832
35081
35082
35091
35092
35102
35103
35131
3513234800
34802
34803
34804
34805
34830
34831
34832
35081
35082
35091
35092
35102
35103
35131
3513234800
34802
34803
34804
34805
34830
34831
34832
35081
35082
35091
35092
35102
35103
35131
3513234800
34802
34803
34804
34805
34830
34831
34832
35081
35082
35091
35092
35102
35103
35131
3513234800
34802
34803
34804
34805
34830
34831
34832
35081
35082
35091
35092
35102
35103
35131
3513234800
34802
34803
34804
34805
34830
34831
34832
35081
35082
35091
35092
35102
35103
35131
3513234800
34802
34803
34804
34805
34830
34831
34832
35081
35082
35091
35092
35102
35103
35131
3513234800
34802
34803
34804
34805
34830
34831
34832
35081
35082
35091
35092
35102
35103
35131
3513234800
34802
34803
34804
34805
34830
34831
34832
35081
35082
35091
35092
35102
35103
35131
3513234800
34802
34803
34804
34805
34830
34831
34832
35081
35082
35091
35092
35102
35103
35131
3513234800
34802
34803
34804
34805
34830
34831
34832
35081
35082
35091
35092
35102
35103
35131
3513234800
34802
34803
34804
34805
34830
34831
34832
35081
35082
35091
35092
35102
35103
35131
3513234800
34802
34803
34804
34805
34830
34831
34832
35081
35082
35091
35092
35102
35103
35131
3513234800
34802
34803
34804
34805
34830
34831
34832
35081
35082
35091
35092
35102
35103
35131
3513234800
34802
34803
34804
34805
34830
34831
34832
35081
35082
35091
35092
35102
35103
35131
3513234800
34802
34803
34804
34805
34830
34831
34832
35081
35082
35091
35092
35102
35103
35131
3513234800
34802
34803
34804
34805
34830
34831
34832
35081
35082
35091
35092
35102
35103
35131
3513234800
34802
34803
34804
34805
34830
34831
34832
35081
35082
35091
35092
35102
35103
35131
3513234800
34802
34803
34804
34805
34830
34831
34832
35081
35082
35091
35092
35102
35103
35131
35132
